							      >	path #0 [len = 5]: [99]--[713]--[918]--[437]--[end]--
							      >	after sort
							      >	path #0 [len = 5]: [99]--[713]--[918]--[437]--[end]--
							      >	path #0 [len = 6]: [960]--[486]--[834]--[92]--[121]--[end]--
							      >	path #1 [len = 5]: [99]--[713]--[918]--[437]--[end]--
							      >	after sort
							      >	path #0 [len = 6]: [960]--[486]--[834]--[92]--[121]--[end]--
							      >	path #1 [len = 5]: [99]--[713]--[918]--[437]--[end]--
							      >	path #0 [len = 6]: [960]--[486]--[834]--[92]--[121]--[end]--
							      >	path #1 [len = 7]: [806]--[685]--[592]--[440]--[122]--[563]--
							      >	path #2 [len = 5]: [99]--[713]--[918]--[437]--[end]--
							      >	after sort
							      >	path #0 [len = 7]: [806]--[685]--[592]--[440]--[122]--[563]--
							      >	path #1 [len = 6]: [960]--[486]--[834]--[92]--[121]--[end]--
							      >	path #2 [len = 5]: [99]--[713]--[918]--[437]--[end]--
100								100
##start								##start
start 0 1							start 0 1
##end								##end
end 1 0								end 1 0
0 0 0								0 0 0
1 1 1								1 1 1
2 2 2								2 2 2
3 3 3								3 3 3
4 4 4								4 4 4
5 5 5								5 5 5
6 6 6								6 6 6
7 7 7								7 7 7
8 8 8								8 8 8
9 9 9								9 9 9
10 10 10							10 10 10
11 11 11							11 11 11
12 12 12							12 12 12
13 13 13							13 13 13
14 14 14							14 14 14
15 15 15							15 15 15
16 16 16							16 16 16
17 17 17							17 17 17
18 18 18							18 18 18
19 19 19							19 19 19
20 20 20							20 20 20
21 21 21							21 21 21
22 22 22							22 22 22
23 23 23							23 23 23
24 24 24							24 24 24
25 25 25							25 25 25
26 26 26							26 26 26
27 27 27							27 27 27
28 28 28							28 28 28
29 29 29							29 29 29
30 30 30							30 30 30
31 31 31							31 31 31
32 32 32							32 32 32
33 33 33							33 33 33
34 34 34							34 34 34
35 35 35							35 35 35
36 36 36							36 36 36
37 37 37							37 37 37
38 38 38							38 38 38
39 39 39							39 39 39
40 40 40							40 40 40
41 41 41							41 41 41
42 42 42							42 42 42
43 43 43							43 43 43
44 44 44							44 44 44
45 45 45							45 45 45
46 46 46							46 46 46
47 47 47							47 47 47
48 48 48							48 48 48
49 49 49							49 49 49
50 50 50							50 50 50
51 51 51							51 51 51
52 52 52							52 52 52
53 53 53							53 53 53
54 54 54							54 54 54
55 55 55							55 55 55
56 56 56							56 56 56
57 57 57							57 57 57
58 58 58							58 58 58
59 59 59							59 59 59
60 60 60							60 60 60
61 61 61							61 61 61
62 62 62							62 62 62
63 63 63							63 63 63
64 64 64							64 64 64
65 65 65							65 65 65
66 66 66							66 66 66
67 67 67							67 67 67
68 68 68							68 68 68
69 69 69							69 69 69
70 70 70							70 70 70
71 71 71							71 71 71
72 72 72							72 72 72
73 73 73							73 73 73
74 74 74							74 74 74
75 75 75							75 75 75
76 76 76							76 76 76
77 77 77							77 77 77
78 78 78							78 78 78
79 79 79							79 79 79
80 80 80							80 80 80
81 81 81							81 81 81
82 82 82							82 82 82
83 83 83							83 83 83
84 84 84							84 84 84
85 85 85							85 85 85
86 86 86							86 86 86
87 87 87							87 87 87
88 88 88							88 88 88
89 89 89							89 89 89
90 90 90							90 90 90
91 91 91							91 91 91
92 92 92							92 92 92
93 93 93							93 93 93
94 94 94							94 94 94
95 95 95							95 95 95
96 96 96							96 96 96
97 97 97							97 97 97
98 98 98							98 98 98
99 99 99							99 99 99
100 100 100							100 100 100
101 101 101							101 101 101
102 102 102							102 102 102
103 103 103							103 103 103
104 104 104							104 104 104
105 105 105							105 105 105
106 106 106							106 106 106
107 107 107							107 107 107
108 108 108							108 108 108
109 109 109							109 109 109
110 110 110							110 110 110
111 111 111							111 111 111
112 112 112							112 112 112
113 113 113							113 113 113
114 114 114							114 114 114
115 115 115							115 115 115
116 116 116							116 116 116
117 117 117							117 117 117
118 118 118							118 118 118
119 119 119							119 119 119
120 120 120							120 120 120
121 121 121							121 121 121
122 122 122							122 122 122
123 123 123							123 123 123
124 124 124							124 124 124
125 125 125							125 125 125
126 126 126							126 126 126
127 127 127							127 127 127
128 128 128							128 128 128
129 129 129							129 129 129
130 130 130							130 130 130
131 131 131							131 131 131
132 132 132							132 132 132
133 133 133							133 133 133
134 134 134							134 134 134
135 135 135							135 135 135
136 136 136							136 136 136
137 137 137							137 137 137
138 138 138							138 138 138
139 139 139							139 139 139
140 140 140							140 140 140
141 141 141							141 141 141
142 142 142							142 142 142
143 143 143							143 143 143
144 144 144							144 144 144
145 145 145							145 145 145
146 146 146							146 146 146
147 147 147							147 147 147
148 148 148							148 148 148
149 149 149							149 149 149
150 150 150							150 150 150
151 151 151							151 151 151
152 152 152							152 152 152
153 153 153							153 153 153
154 154 154							154 154 154
155 155 155							155 155 155
156 156 156							156 156 156
157 157 157							157 157 157
158 158 158							158 158 158
159 159 159							159 159 159
160 160 160							160 160 160
161 161 161							161 161 161
162 162 162							162 162 162
163 163 163							163 163 163
164 164 164							164 164 164
165 165 165							165 165 165
166 166 166							166 166 166
167 167 167							167 167 167
168 168 168							168 168 168
169 169 169							169 169 169
170 170 170							170 170 170
171 171 171							171 171 171
172 172 172							172 172 172
173 173 173							173 173 173
174 174 174							174 174 174
175 175 175							175 175 175
176 176 176							176 176 176
177 177 177							177 177 177
178 178 178							178 178 178
179 179 179							179 179 179
180 180 180							180 180 180
181 181 181							181 181 181
182 182 182							182 182 182
183 183 183							183 183 183
184 184 184							184 184 184
185 185 185							185 185 185
186 186 186							186 186 186
187 187 187							187 187 187
188 188 188							188 188 188
189 189 189							189 189 189
190 190 190							190 190 190
191 191 191							191 191 191
192 192 192							192 192 192
193 193 193							193 193 193
194 194 194							194 194 194
195 195 195							195 195 195
196 196 196							196 196 196
197 197 197							197 197 197
198 198 198							198 198 198
199 199 199							199 199 199
200 200 200							200 200 200
201 201 201							201 201 201
202 202 202							202 202 202
203 203 203							203 203 203
204 204 204							204 204 204
205 205 205							205 205 205
206 206 206							206 206 206
207 207 207							207 207 207
208 208 208							208 208 208
209 209 209							209 209 209
210 210 210							210 210 210
211 211 211							211 211 211
212 212 212							212 212 212
213 213 213							213 213 213
214 214 214							214 214 214
215 215 215							215 215 215
216 216 216							216 216 216
217 217 217							217 217 217
218 218 218							218 218 218
219 219 219							219 219 219
220 220 220							220 220 220
221 221 221							221 221 221
222 222 222							222 222 222
223 223 223							223 223 223
224 224 224							224 224 224
225 225 225							225 225 225
226 226 226							226 226 226
227 227 227							227 227 227
228 228 228							228 228 228
229 229 229							229 229 229
230 230 230							230 230 230
231 231 231							231 231 231
232 232 232							232 232 232
233 233 233							233 233 233
234 234 234							234 234 234
235 235 235							235 235 235
236 236 236							236 236 236
237 237 237							237 237 237
238 238 238							238 238 238
239 239 239							239 239 239
240 240 240							240 240 240
241 241 241							241 241 241
242 242 242							242 242 242
243 243 243							243 243 243
244 244 244							244 244 244
245 245 245							245 245 245
246 246 246							246 246 246
247 247 247							247 247 247
248 248 248							248 248 248
249 249 249							249 249 249
250 250 250							250 250 250
251 251 251							251 251 251
252 252 252							252 252 252
253 253 253							253 253 253
254 254 254							254 254 254
255 255 255							255 255 255
256 256 256							256 256 256
257 257 257							257 257 257
258 258 258							258 258 258
259 259 259							259 259 259
260 260 260							260 260 260
261 261 261							261 261 261
262 262 262							262 262 262
263 263 263							263 263 263
264 264 264							264 264 264
265 265 265							265 265 265
266 266 266							266 266 266
267 267 267							267 267 267
268 268 268							268 268 268
269 269 269							269 269 269
270 270 270							270 270 270
271 271 271							271 271 271
272 272 272							272 272 272
273 273 273							273 273 273
274 274 274							274 274 274
275 275 275							275 275 275
276 276 276							276 276 276
277 277 277							277 277 277
278 278 278							278 278 278
279 279 279							279 279 279
280 280 280							280 280 280
281 281 281							281 281 281
282 282 282							282 282 282
283 283 283							283 283 283
284 284 284							284 284 284
285 285 285							285 285 285
286 286 286							286 286 286
287 287 287							287 287 287
288 288 288							288 288 288
289 289 289							289 289 289
290 290 290							290 290 290
291 291 291							291 291 291
292 292 292							292 292 292
293 293 293							293 293 293
294 294 294							294 294 294
295 295 295							295 295 295
296 296 296							296 296 296
297 297 297							297 297 297
298 298 298							298 298 298
299 299 299							299 299 299
300 300 300							300 300 300
301 301 301							301 301 301
302 302 302							302 302 302
303 303 303							303 303 303
304 304 304							304 304 304
305 305 305							305 305 305
306 306 306							306 306 306
307 307 307							307 307 307
308 308 308							308 308 308
309 309 309							309 309 309
310 310 310							310 310 310
311 311 311							311 311 311
312 312 312							312 312 312
313 313 313							313 313 313
314 314 314							314 314 314
315 315 315							315 315 315
316 316 316							316 316 316
317 317 317							317 317 317
318 318 318							318 318 318
319 319 319							319 319 319
320 320 320							320 320 320
321 321 321							321 321 321
322 322 322							322 322 322
323 323 323							323 323 323
324 324 324							324 324 324
325 325 325							325 325 325
326 326 326							326 326 326
327 327 327							327 327 327
328 328 328							328 328 328
329 329 329							329 329 329
330 330 330							330 330 330
331 331 331							331 331 331
332 332 332							332 332 332
333 333 333							333 333 333
334 334 334							334 334 334
335 335 335							335 335 335
336 336 336							336 336 336
337 337 337							337 337 337
338 338 338							338 338 338
339 339 339							339 339 339
340 340 340							340 340 340
341 341 341							341 341 341
342 342 342							342 342 342
343 343 343							343 343 343
344 344 344							344 344 344
345 345 345							345 345 345
346 346 346							346 346 346
347 347 347							347 347 347
348 348 348							348 348 348
349 349 349							349 349 349
350 350 350							350 350 350
351 351 351							351 351 351
352 352 352							352 352 352
353 353 353							353 353 353
354 354 354							354 354 354
355 355 355							355 355 355
356 356 356							356 356 356
357 357 357							357 357 357
358 358 358							358 358 358
359 359 359							359 359 359
360 360 360							360 360 360
361 361 361							361 361 361
362 362 362							362 362 362
363 363 363							363 363 363
364 364 364							364 364 364
365 365 365							365 365 365
366 366 366							366 366 366
367 367 367							367 367 367
368 368 368							368 368 368
369 369 369							369 369 369
370 370 370							370 370 370
371 371 371							371 371 371
372 372 372							372 372 372
373 373 373							373 373 373
374 374 374							374 374 374
375 375 375							375 375 375
376 376 376							376 376 376
377 377 377							377 377 377
378 378 378							378 378 378
379 379 379							379 379 379
380 380 380							380 380 380
381 381 381							381 381 381
382 382 382							382 382 382
383 383 383							383 383 383
384 384 384							384 384 384
385 385 385							385 385 385
386 386 386							386 386 386
387 387 387							387 387 387
388 388 388							388 388 388
389 389 389							389 389 389
390 390 390							390 390 390
391 391 391							391 391 391
392 392 392							392 392 392
393 393 393							393 393 393
394 394 394							394 394 394
395 395 395							395 395 395
396 396 396							396 396 396
397 397 397							397 397 397
398 398 398							398 398 398
399 399 399							399 399 399
400 400 400							400 400 400
401 401 401							401 401 401
402 402 402							402 402 402
403 403 403							403 403 403
404 404 404							404 404 404
405 405 405							405 405 405
406 406 406							406 406 406
407 407 407							407 407 407
408 408 408							408 408 408
409 409 409							409 409 409
410 410 410							410 410 410
411 411 411							411 411 411
412 412 412							412 412 412
413 413 413							413 413 413
414 414 414							414 414 414
415 415 415							415 415 415
416 416 416							416 416 416
417 417 417							417 417 417
418 418 418							418 418 418
419 419 419							419 419 419
420 420 420							420 420 420
421 421 421							421 421 421
422 422 422							422 422 422
423 423 423							423 423 423
424 424 424							424 424 424
425 425 425							425 425 425
426 426 426							426 426 426
427 427 427							427 427 427
428 428 428							428 428 428
429 429 429							429 429 429
430 430 430							430 430 430
431 431 431							431 431 431
432 432 432							432 432 432
433 433 433							433 433 433
434 434 434							434 434 434
435 435 435							435 435 435
436 436 436							436 436 436
437 437 437							437 437 437
438 438 438							438 438 438
439 439 439							439 439 439
440 440 440							440 440 440
441 441 441							441 441 441
442 442 442							442 442 442
443 443 443							443 443 443
444 444 444							444 444 444
445 445 445							445 445 445
446 446 446							446 446 446
447 447 447							447 447 447
448 448 448							448 448 448
449 449 449							449 449 449
450 450 450							450 450 450
451 451 451							451 451 451
452 452 452							452 452 452
453 453 453							453 453 453
454 454 454							454 454 454
455 455 455							455 455 455
456 456 456							456 456 456
457 457 457							457 457 457
458 458 458							458 458 458
459 459 459							459 459 459
460 460 460							460 460 460
461 461 461							461 461 461
462 462 462							462 462 462
463 463 463							463 463 463
464 464 464							464 464 464
465 465 465							465 465 465
466 466 466							466 466 466
467 467 467							467 467 467
468 468 468							468 468 468
469 469 469							469 469 469
470 470 470							470 470 470
471 471 471							471 471 471
472 472 472							472 472 472
473 473 473							473 473 473
474 474 474							474 474 474
475 475 475							475 475 475
476 476 476							476 476 476
477 477 477							477 477 477
478 478 478							478 478 478
479 479 479							479 479 479
480 480 480							480 480 480
481 481 481							481 481 481
482 482 482							482 482 482
483 483 483							483 483 483
484 484 484							484 484 484
485 485 485							485 485 485
486 486 486							486 486 486
487 487 487							487 487 487
488 488 488							488 488 488
489 489 489							489 489 489
490 490 490							490 490 490
491 491 491							491 491 491
492 492 492							492 492 492
493 493 493							493 493 493
494 494 494							494 494 494
495 495 495							495 495 495
496 496 496							496 496 496
497 497 497							497 497 497
498 498 498							498 498 498
499 499 499							499 499 499
500 500 500							500 500 500
501 501 501							501 501 501
502 502 502							502 502 502
503 503 503							503 503 503
504 504 504							504 504 504
505 505 505							505 505 505
506 506 506							506 506 506
507 507 507							507 507 507
508 508 508							508 508 508
509 509 509							509 509 509
510 510 510							510 510 510
511 511 511							511 511 511
512 512 512							512 512 512
513 513 513							513 513 513
514 514 514							514 514 514
515 515 515							515 515 515
516 516 516							516 516 516
517 517 517							517 517 517
518 518 518							518 518 518
519 519 519							519 519 519
520 520 520							520 520 520
521 521 521							521 521 521
522 522 522							522 522 522
523 523 523							523 523 523
524 524 524							524 524 524
525 525 525							525 525 525
526 526 526							526 526 526
527 527 527							527 527 527
528 528 528							528 528 528
529 529 529							529 529 529
530 530 530							530 530 530
531 531 531							531 531 531
532 532 532							532 532 532
533 533 533							533 533 533
534 534 534							534 534 534
535 535 535							535 535 535
536 536 536							536 536 536
537 537 537							537 537 537
538 538 538							538 538 538
539 539 539							539 539 539
540 540 540							540 540 540
541 541 541							541 541 541
542 542 542							542 542 542
543 543 543							543 543 543
544 544 544							544 544 544
545 545 545							545 545 545
546 546 546							546 546 546
547 547 547							547 547 547
548 548 548							548 548 548
549 549 549							549 549 549
550 550 550							550 550 550
551 551 551							551 551 551
552 552 552							552 552 552
553 553 553							553 553 553
554 554 554							554 554 554
555 555 555							555 555 555
556 556 556							556 556 556
557 557 557							557 557 557
558 558 558							558 558 558
559 559 559							559 559 559
560 560 560							560 560 560
561 561 561							561 561 561
562 562 562							562 562 562
563 563 563							563 563 563
564 564 564							564 564 564
565 565 565							565 565 565
566 566 566							566 566 566
567 567 567							567 567 567
568 568 568							568 568 568
569 569 569							569 569 569
570 570 570							570 570 570
571 571 571							571 571 571
572 572 572							572 572 572
573 573 573							573 573 573
574 574 574							574 574 574
575 575 575							575 575 575
576 576 576							576 576 576
577 577 577							577 577 577
578 578 578							578 578 578
579 579 579							579 579 579
580 580 580							580 580 580
581 581 581							581 581 581
582 582 582							582 582 582
583 583 583							583 583 583
584 584 584							584 584 584
585 585 585							585 585 585
586 586 586							586 586 586
587 587 587							587 587 587
588 588 588							588 588 588
589 589 589							589 589 589
590 590 590							590 590 590
591 591 591							591 591 591
592 592 592							592 592 592
593 593 593							593 593 593
594 594 594							594 594 594
595 595 595							595 595 595
596 596 596							596 596 596
597 597 597							597 597 597
598 598 598							598 598 598
599 599 599							599 599 599
600 600 600							600 600 600
601 601 601							601 601 601
602 602 602							602 602 602
603 603 603							603 603 603
604 604 604							604 604 604
605 605 605							605 605 605
606 606 606							606 606 606
607 607 607							607 607 607
608 608 608							608 608 608
609 609 609							609 609 609
610 610 610							610 610 610
611 611 611							611 611 611
612 612 612							612 612 612
613 613 613							613 613 613
614 614 614							614 614 614
615 615 615							615 615 615
616 616 616							616 616 616
617 617 617							617 617 617
618 618 618							618 618 618
619 619 619							619 619 619
620 620 620							620 620 620
621 621 621							621 621 621
622 622 622							622 622 622
623 623 623							623 623 623
624 624 624							624 624 624
625 625 625							625 625 625
626 626 626							626 626 626
627 627 627							627 627 627
628 628 628							628 628 628
629 629 629							629 629 629
630 630 630							630 630 630
631 631 631							631 631 631
632 632 632							632 632 632
633 633 633							633 633 633
634 634 634							634 634 634
635 635 635							635 635 635
636 636 636							636 636 636
637 637 637							637 637 637
638 638 638							638 638 638
639 639 639							639 639 639
640 640 640							640 640 640
641 641 641							641 641 641
642 642 642							642 642 642
643 643 643							643 643 643
644 644 644							644 644 644
645 645 645							645 645 645
646 646 646							646 646 646
647 647 647							647 647 647
648 648 648							648 648 648
649 649 649							649 649 649
650 650 650							650 650 650
651 651 651							651 651 651
652 652 652							652 652 652
653 653 653							653 653 653
654 654 654							654 654 654
655 655 655							655 655 655
656 656 656							656 656 656
657 657 657							657 657 657
658 658 658							658 658 658
659 659 659							659 659 659
660 660 660							660 660 660
661 661 661							661 661 661
662 662 662							662 662 662
663 663 663							663 663 663
664 664 664							664 664 664
665 665 665							665 665 665
666 666 666							666 666 666
667 667 667							667 667 667
668 668 668							668 668 668
669 669 669							669 669 669
670 670 670							670 670 670
671 671 671							671 671 671
672 672 672							672 672 672
673 673 673							673 673 673
674 674 674							674 674 674
675 675 675							675 675 675
676 676 676							676 676 676
677 677 677							677 677 677
678 678 678							678 678 678
679 679 679							679 679 679
680 680 680							680 680 680
681 681 681							681 681 681
682 682 682							682 682 682
683 683 683							683 683 683
684 684 684							684 684 684
685 685 685							685 685 685
686 686 686							686 686 686
687 687 687							687 687 687
688 688 688							688 688 688
689 689 689							689 689 689
690 690 690							690 690 690
691 691 691							691 691 691
692 692 692							692 692 692
693 693 693							693 693 693
694 694 694							694 694 694
695 695 695							695 695 695
696 696 696							696 696 696
697 697 697							697 697 697
698 698 698							698 698 698
699 699 699							699 699 699
700 700 700							700 700 700
701 701 701							701 701 701
702 702 702							702 702 702
703 703 703							703 703 703
704 704 704							704 704 704
705 705 705							705 705 705
706 706 706							706 706 706
707 707 707							707 707 707
708 708 708							708 708 708
709 709 709							709 709 709
710 710 710							710 710 710
711 711 711							711 711 711
712 712 712							712 712 712
713 713 713							713 713 713
714 714 714							714 714 714
715 715 715							715 715 715
716 716 716							716 716 716
717 717 717							717 717 717
718 718 718							718 718 718
719 719 719							719 719 719
720 720 720							720 720 720
721 721 721							721 721 721
722 722 722							722 722 722
723 723 723							723 723 723
724 724 724							724 724 724
725 725 725							725 725 725
726 726 726							726 726 726
727 727 727							727 727 727
728 728 728							728 728 728
729 729 729							729 729 729
730 730 730							730 730 730
731 731 731							731 731 731
732 732 732							732 732 732
733 733 733							733 733 733
734 734 734							734 734 734
735 735 735							735 735 735
736 736 736							736 736 736
737 737 737							737 737 737
738 738 738							738 738 738
739 739 739							739 739 739
740 740 740							740 740 740
741 741 741							741 741 741
742 742 742							742 742 742
743 743 743							743 743 743
744 744 744							744 744 744
745 745 745							745 745 745
746 746 746							746 746 746
747 747 747							747 747 747
748 748 748							748 748 748
749 749 749							749 749 749
750 750 750							750 750 750
751 751 751							751 751 751
752 752 752							752 752 752
753 753 753							753 753 753
754 754 754							754 754 754
755 755 755							755 755 755
756 756 756							756 756 756
757 757 757							757 757 757
758 758 758							758 758 758
759 759 759							759 759 759
760 760 760							760 760 760
761 761 761							761 761 761
762 762 762							762 762 762
763 763 763							763 763 763
764 764 764							764 764 764
765 765 765							765 765 765
766 766 766							766 766 766
767 767 767							767 767 767
768 768 768							768 768 768
769 769 769							769 769 769
770 770 770							770 770 770
771 771 771							771 771 771
772 772 772							772 772 772
773 773 773							773 773 773
774 774 774							774 774 774
775 775 775							775 775 775
776 776 776							776 776 776
777 777 777							777 777 777
778 778 778							778 778 778
779 779 779							779 779 779
780 780 780							780 780 780
781 781 781							781 781 781
782 782 782							782 782 782
783 783 783							783 783 783
784 784 784							784 784 784
785 785 785							785 785 785
786 786 786							786 786 786
787 787 787							787 787 787
788 788 788							788 788 788
789 789 789							789 789 789
790 790 790							790 790 790
791 791 791							791 791 791
792 792 792							792 792 792
793 793 793							793 793 793
794 794 794							794 794 794
795 795 795							795 795 795
796 796 796							796 796 796
797 797 797							797 797 797
798 798 798							798 798 798
799 799 799							799 799 799
800 800 800							800 800 800
801 801 801							801 801 801
802 802 802							802 802 802
803 803 803							803 803 803
804 804 804							804 804 804
805 805 805							805 805 805
806 806 806							806 806 806
807 807 807							807 807 807
808 808 808							808 808 808
809 809 809							809 809 809
810 810 810							810 810 810
811 811 811							811 811 811
812 812 812							812 812 812
813 813 813							813 813 813
814 814 814							814 814 814
815 815 815							815 815 815
816 816 816							816 816 816
817 817 817							817 817 817
818 818 818							818 818 818
819 819 819							819 819 819
820 820 820							820 820 820
821 821 821							821 821 821
822 822 822							822 822 822
823 823 823							823 823 823
824 824 824							824 824 824
825 825 825							825 825 825
826 826 826							826 826 826
827 827 827							827 827 827
828 828 828							828 828 828
829 829 829							829 829 829
830 830 830							830 830 830
831 831 831							831 831 831
832 832 832							832 832 832
833 833 833							833 833 833
834 834 834							834 834 834
835 835 835							835 835 835
836 836 836							836 836 836
837 837 837							837 837 837
838 838 838							838 838 838
839 839 839							839 839 839
840 840 840							840 840 840
841 841 841							841 841 841
842 842 842							842 842 842
843 843 843							843 843 843
844 844 844							844 844 844
845 845 845							845 845 845
846 846 846							846 846 846
847 847 847							847 847 847
848 848 848							848 848 848
849 849 849							849 849 849
850 850 850							850 850 850
851 851 851							851 851 851
852 852 852							852 852 852
853 853 853							853 853 853
854 854 854							854 854 854
855 855 855							855 855 855
856 856 856							856 856 856
857 857 857							857 857 857
858 858 858							858 858 858
859 859 859							859 859 859
860 860 860							860 860 860
861 861 861							861 861 861
862 862 862							862 862 862
863 863 863							863 863 863
864 864 864							864 864 864
865 865 865							865 865 865
866 866 866							866 866 866
867 867 867							867 867 867
868 868 868							868 868 868
869 869 869							869 869 869
870 870 870							870 870 870
871 871 871							871 871 871
872 872 872							872 872 872
873 873 873							873 873 873
874 874 874							874 874 874
875 875 875							875 875 875
876 876 876							876 876 876
877 877 877							877 877 877
878 878 878							878 878 878
879 879 879							879 879 879
880 880 880							880 880 880
881 881 881							881 881 881
882 882 882							882 882 882
883 883 883							883 883 883
884 884 884							884 884 884
885 885 885							885 885 885
886 886 886							886 886 886
887 887 887							887 887 887
888 888 888							888 888 888
889 889 889							889 889 889
890 890 890							890 890 890
891 891 891							891 891 891
892 892 892							892 892 892
893 893 893							893 893 893
894 894 894							894 894 894
895 895 895							895 895 895
896 896 896							896 896 896
897 897 897							897 897 897
898 898 898							898 898 898
899 899 899							899 899 899
900 900 900							900 900 900
901 901 901							901 901 901
902 902 902							902 902 902
903 903 903							903 903 903
904 904 904							904 904 904
905 905 905							905 905 905
906 906 906							906 906 906
907 907 907							907 907 907
908 908 908							908 908 908
909 909 909							909 909 909
910 910 910							910 910 910
911 911 911							911 911 911
912 912 912							912 912 912
913 913 913							913 913 913
914 914 914							914 914 914
915 915 915							915 915 915
916 916 916							916 916 916
917 917 917							917 917 917
918 918 918							918 918 918
919 919 919							919 919 919
920 920 920							920 920 920
921 921 921							921 921 921
922 922 922							922 922 922
923 923 923							923 923 923
924 924 924							924 924 924
925 925 925							925 925 925
926 926 926							926 926 926
927 927 927							927 927 927
928 928 928							928 928 928
929 929 929							929 929 929
930 930 930							930 930 930
931 931 931							931 931 931
932 932 932							932 932 932
933 933 933							933 933 933
934 934 934							934 934 934
935 935 935							935 935 935
936 936 936							936 936 936
937 937 937							937 937 937
938 938 938							938 938 938
939 939 939							939 939 939
940 940 940							940 940 940
941 941 941							941 941 941
942 942 942							942 942 942
943 943 943							943 943 943
944 944 944							944 944 944
945 945 945							945 945 945
946 946 946							946 946 946
947 947 947							947 947 947
948 948 948							948 948 948
949 949 949							949 949 949
950 950 950							950 950 950
951 951 951							951 951 951
952 952 952							952 952 952
953 953 953							953 953 953
954 954 954							954 954 954
955 955 955							955 955 955
956 956 956							956 956 956
957 957 957							957 957 957
958 958 958							958 958 958
959 959 959							959 959 959
960 960 960							960 960 960
961 961 961							961 961 961
962 962 962							962 962 962
963 963 963							963 963 963
964 964 964							964 964 964
965 965 965							965 965 965
966 966 966							966 966 966
967 967 967							967 967 967
968 968 968							968 968 968
969 969 969							969 969 969
970 970 970							970 970 970
971 971 971							971 971 971
972 972 972							972 972 972
973 973 973							973 973 973
974 974 974							974 974 974
975 975 975							975 975 975
976 976 976							976 976 976
977 977 977							977 977 977
978 978 978							978 978 978
979 979 979							979 979 979
980 980 980							980 980 980
981 981 981							981 981 981
982 982 982							982 982 982
983 983 983							983 983 983
984 984 984							984 984 984
985 985 985							985 985 985
986 986 986							986 986 986
987 987 987							987 987 987
988 988 988							988 988 988
989 989 989							989 989 989
990 990 990							990 990 990
991 991 991							991 991 991
992 992 992							992 992 992
993 993 993							993 993 993
994 994 994							994 994 994
995 995 995							995 995 995
996 996 996							996 996 996
997 997 997							997 997 997
998 998 998							998 998 998
999 999 999							999 999 999
0-542								0-542
0-111								0-111
1-971								1-971
1-79								1-79
2-818								2-818
2-738								2-738
2-291								2-291
3-707								3-707
4-532								4-532
5-58								5-58
6-492								6-492
6-414								6-414
6-748								6-748
7-870								7-870
8-440								8-440
9-970								9-970
9-381								9-381
10-284								10-284
11-588								11-588
11-878								11-878
11-416								11-416
12-440								12-440
12-179								12-179
13-457								13-457
14-346								14-346
15-663								15-663
15-784								15-784
15-306								15-306
16-699								16-699
17-592								17-592
18-508								18-508
18-432								18-432
19-639								19-639
20-800								20-800
21-835								21-835
21-712								21-712
22-34								22-34
23-83								23-83
24-540								24-540
25-9								25-9
26-419								26-419
27-962								27-962
27-116								27-116
27-845								27-845
28-206								28-206
29-739								29-739
30-681								30-681
31-186								31-186
32-260								32-260
32-310								32-310
32-501								32-501
32-787								32-787
32-852								32-852
33-4								33-4
33-655								33-655
34-63								34-63
34-806								34-806
34-905								34-905
35-228								35-228
36-206								36-206
36-632								36-632
37-698								37-698
38-778								38-778
39-155								39-155
39-690								39-690
39-660								39-660
40-605								40-605
41-829								41-829
41-981								41-981
41-437								41-437
41-33								41-33
41-81								41-81
42-356								42-356
43-367								43-367
44-457								44-457
45-243								45-243
46-740								46-740
46-254								46-254
46-196								46-196
47-754								47-754
48-363								48-363
49-61								49-61
50-634								50-634
51-550								51-550
51-917								51-917
52-316								52-316
53-750								53-750
54-325								54-325
55-533								55-533
55-603								55-603
56-939								56-939
57-412								57-412
57-293								57-293
57-554								57-554
57-70								57-70
57-2								57-2
57-527								57-527
57-433								57-433
57-299								57-299
57-61								57-61
57-162								57-162
57-726								57-726
57-413								57-413
58-27								58-27
58-770								58-770
59-97								59-97
59-226								59-226
60-609								60-609
61-52								61-52
62-421								62-421
62-198								62-198
62-368								62-368
62-177								62-177
62-716								62-716
63-179								63-179
63-678								63-678
64-503								64-503
64-691								64-691
65-163								65-163
66-9								66-9
66-69								66-69
66-455								66-455
66-25								66-25
66-785								66-785
66-958								66-958
66-977								66-977
66-413								66-413
66-136								66-136
67-770								67-770
67-275								67-275
67-41								67-41
67-608								67-608
68-116								68-116
68-643								68-643
69-20								69-20
69-866								69-866
70-723								70-723
70-63								70-63
71-906								71-906
72-113								72-113
73-390								73-390
73-686								73-686
74-772								74-772
74-909								74-909
74-800								74-800
74-996								74-996
74-191								74-191
74-698								74-698
74-519								74-519
74-786								74-786
74-713								74-713
74-781								74-781
75-37								75-37
76-635								76-635
77-728								77-728
77-494								77-494
77-55								77-55
77-268								77-268
78-231								78-231
78-895								78-895
78-844								78-844
78-842								78-842
78-154								78-154
79-502								79-502
79-252								79-252
79-212								79-212
80-802								80-802
80-552								80-552
81-228								81-228
82-240								82-240
82-103								82-103
83-567								83-567
83-954								83-954
83-294								83-294
83-750								83-750
83-814								83-814
83-661								83-661
83-986								83-986
84-323								84-323
85-504								85-504
85-737								85-737
86-535								86-535
87-441								87-441
88-948								88-948
89-716								89-716
90-55								90-55
91-487								91-487
92-121								92-121
93-611								93-611
93-949								93-949
93-2								93-2
93-787								93-787
93-171								93-171
93-424								93-424
94-577								94-577
95-149								95-149
95-542								95-542
96-707								96-707
96-434								96-434
97-810								97-810
97-774								97-774
98-996								98-996
98-415								98-415
98-172								98-172
99-897								99-897
99-713								99-713
99-737								99-737
100-743								100-743
101-283								101-283
101-273								101-273
102-158								102-158
102-842								102-842
103-209								103-209
103-740								103-740
103-113								103-113
103-114								103-114
103-721								103-721
104-920								104-920
104-693								104-693
104-309								104-309
104-746								104-746
105-901								105-901
106-205								106-205
107-400								107-400
108-126								108-126
109-741								109-741
110-539								110-539
110-980								110-980
111-501								111-501
112-923								112-923
112-743								112-743
112-944								112-944
113-350								113-350
113-491								113-491
114-226								114-226
115-176								115-176
115-769								115-769
115-295								115-295
116-7								116-7
117-701								117-701
117-37								117-37
117-595								117-595
118-795								118-795
119-61								119-61
120-692								120-692
121-332								121-332
121-407								121-407
121-67								121-67
122-286								122-286
122-564								122-564
123-907								123-907
123-706								123-706
124-67								124-67
124-928								124-928
125-970								125-970
126-940								126-940
126-969								126-969
126-934								126-934
126-761								126-761
126-198								126-198
126-819								126-819
127-879								127-879
127-837								127-837
128-496								128-496
128-303								128-303
129-377								129-377
129-854								129-854
130-456								130-456
130-490								130-490
130-393								130-393
131-800								131-800
132-949								132-949
132-582								132-582
132-364								132-364
132-852								132-852
133-794								133-794
134-792								134-792
135-937								135-937
136-191								136-191
136-769								136-769
136-186								136-186
136-471								136-471
137-719								137-719
137-111								137-111
137-858								137-858
137-86								137-86
137-584								137-584
138-931								138-931
139-260								139-260
140-387								140-387
140-293								140-293
140-808								140-808
141-108								141-108
142-466								142-466
143-478								143-478
143-317								143-317
143-152								143-152
144-463								144-463
144-159								144-159
144-247								144-247
144-721								144-721
145-233								145-233
145-99								145-99
146-238								146-238
146-358								146-358
146-926								146-926
146-934								146-934
147-344								147-344
148-242								148-242
148-66								148-66
149-45								149-45
150-34								150-34
151-498								151-498
152-477								152-477
152-404								152-404
153-791								153-791
154-163								154-163
154-144								154-144
154-757								154-757
154-974								154-974
154-406								154-406
155-580								155-580
156-94								156-94
156-838								156-838
157-405								157-405
158-201								158-201
159-917								159-917
159-238								159-238
159-631								159-631
159-498								159-498
160-936								160-936
160-683								160-683
160-313								160-313
161-14								161-14
162-228								162-228
163-832								163-832
163-466								163-466
163-117								163-117
164-303								164-303
165-837								165-837
165-465								165-465
166-360								166-360
167-824								167-824
167-749								167-749
167-803								167-803
168-556								168-556
168-521								168-521
169-211								169-211
170-15								170-15
171-280								171-280
171-580								171-580
171-665								171-665
171-882								171-882
172-158								172-158
173-980								173-980
173-150								173-150
174-29								174-29
174-10								174-10
174-199								174-199
175-232								175-232
175-314								175-314
176-163								176-163
177-380								177-380
177-764								177-764
178-867								178-867
178-616								178-616
179-939								179-939
180-691								180-691
180-633								180-633
181-763								181-763
181-117								181-117
181-266								181-266
181-604								181-604
182-103								182-103
182-439								182-439
183-44								183-44
183-451								183-451
184-503								184-503
185-513								185-513
186-231								186-231
187-459								187-459
188-223								188-223
189-685								189-685
190-454								190-454
190-387								190-387
190-959								190-959
191-791								191-791
192-727								192-727
193-94								193-94
194-828								194-828
194-64								194-64
195-462								195-462
195-410								195-410
195-363								195-363
195-972								195-972
196-133								196-133
196-182								196-182
196-314								196-314
196-365								196-365
196-503								196-503
197-413								197-413
198-635								198-635
198-425								198-425
199-357								199-357
200-384								200-384
201-996								201-996
201-95								201-95
201-307								201-307
201-15								201-15
201-969								201-969
201-85								201-85
202-690								202-690
202-253								202-253
203-33								203-33
203-20								203-20
204-771								204-771
205-900								205-900
205-474								205-474
206-634								206-634
207-73								207-73
208-671								208-671
208-230								208-230
208-488								208-488
209-536								209-536
210-948								210-948
211-885								211-885
212-766								212-766
212-654								212-654
213-181								213-181
213-512								213-512
213-447								213-447
214-553								214-553
215-473								215-473
215-946								215-946
216-115								216-115
216-985								216-985
217-755								217-755
217-371								217-371
217-897								217-897
217-304								217-304
218-722								218-722
218-721								218-721
218-505								218-505
218-273								218-273
219-145								219-145
219-868								219-868
220-397								220-397
221-883								221-883
221-734								221-734
222-413								222-413
223-417								223-417
224-985								224-985
225-382								225-382
225-528								225-528
225-673								225-673
226-789								226-789
226-702								226-702
226-790								226-790
227-124								227-124
228-286								228-286
229-684								229-684
229-540								229-540
230-760								230-760
231-822								231-822
231-335								231-335
232-201								232-201
232-284								232-284
232-10								232-10
232-594								232-594
232-512								232-512
232-974								232-974
233-502								233-502
234-991								234-991
235-806								235-806
235-587								235-587
235-98								235-98
235-637								235-637
235-569								235-569
236-605								236-605
237-686								237-686
238-47								238-47
238-835								238-835
239-918								239-918
239-599								239-599
239-297								239-297
239-562								239-562
239-742								239-742
240-211								240-211
240-452								240-452
240-846								240-846
241-853								241-853
241-75								241-75
242-906								242-906
242-838								242-838
243-78								243-78
243-454								243-454
244-911								244-911
245-322								245-322
246-671								246-671
246-463								246-463
247-989								247-989
247-654								247-654
248-203								248-203
249-74								249-74
249-752								249-752
250-443								250-443
250-485								250-485
251-279								251-279
252-205								252-205
253-632								253-632
254-669								254-669
254-641								254-641
254-484								254-484
255-872								255-872
255-250								255-250
256-539								256-539
257-754								257-754
258-633								258-633
259-302								259-302
260-29								260-29
261-501								261-501
261-450								261-450
261-892								261-892
262-168								262-168
262-15								262-15
262-295								262-295
262-665								262-665
263-862								263-862
264-627								264-627
265-798								265-798
266-602								266-602
266-479								266-479
267-105								267-105
267-434								267-434
267-762								267-762
268-846								268-846
269-989								269-989
270-701								270-701
270-334								270-334
270-793								270-793
270-836								270-836
270-52								270-52
271-432								271-432
272-546								272-546
272-871								272-871
273-995								273-995
273-201								273-201
274-165								274-165
275-78								275-78
276-238								276-238
277-390								277-390
277-917								277-917
277-657								277-657
277-147								277-147
277-555								277-555
277-397								277-397
278-6								278-6
278-339								278-339
278-297								278-297
278-917								278-917
278-137								278-137
279-811								279-811
279-850								279-850
279-960								279-960
280-312								280-312
280-531								280-531
280-409								280-409
280-320								280-320
280-757								280-757
281-376								281-376
282-777								282-777
282-58								282-58
283-584								283-584
284-978								284-978
284-471								284-471
285-854								285-854
286-507								286-507
287-97								287-97
288-365								288-365
289-345								289-345
290-975								290-975
291-545								291-545
292-6								292-6
292-331								292-331
292-86								292-86
292-971								292-971
293-850								293-850
293-740								293-740
294-499								294-499
295-480								295-480
295-311								295-311
296-441								296-441
297-211								297-211
297-765								297-765
297-62								297-62
298-965								298-965
298-370								298-370
299-290								299-290
299-165								299-165
300-58								300-58
301-262								301-262
301-7								301-7
302-904								302-904
303-282								303-282
304-951								304-951
304-366								304-366
305-136								305-136
306-637								306-637
307-256								307-256
307-224								307-224
308-804								308-804
309-461								309-461
310-862								310-862
311-928								311-928
312-883								312-883
312-177								312-177
313-735								313-735
313-398								313-398
314-391								314-391
315-415								315-415
316-892								316-892
316-483								316-483
316-482								316-482
317-1								317-1
317-344								317-344
318-486								318-486
318-289								318-289
319-35								319-35
320-376								320-376
321-607								321-607
322-738								322-738
322-804								322-804
323-920								323-920
323-533								323-533
324-592								324-592
324-99								324-99
325-626								325-626
325-137								325-137
325-462								325-462
326-12								326-12
326-170								326-170
326-705								326-705
326-122								326-122
326-72								326-72
326-737								326-737
327-403								327-403
328-587								328-587
329-461								329-461
329-809								329-809
330-247								330-247
330-425								330-425
331-129								331-129
332-331								332-331
332-757								332-757
332-80								332-80
332-536								332-536
333-471								333-471
333-246								333-246
333-773								333-773
333-285								333-285
333-566								333-566
333-62								333-62
333-986								333-986
334-227								334-227
335-742								335-742
336-335								336-335
336-560								336-560
336-700								336-700
337-372								337-372
338-189								338-189
339-181								339-181
339-386								339-386
340-875								340-875
341-256								341-256
341-151								341-151
341-564								341-564
341-248								341-248
341-586								341-586
342-395								342-395
343-450								343-450
344-796								344-796
344-348								344-348
344-739								344-739
344-268								344-268
344-208								344-208
344-894								344-894
344-180								344-180
345-405								345-405
345-727								345-727
346-137								346-137
347-523								347-523
348-408								348-408
348-547								348-547
349-530								349-530
349-484								349-484
350-801								350-801
350-344								350-344
350-191								350-191
351-921								351-921
351-161								351-161
352-328								352-328
352-648								352-648
352-600								352-600
353-952								353-952
353-334								353-334
353-411								353-411
354-413								354-413
354-694								354-694
354-476								354-476
354-74								354-74
354-215								354-215
354-620								354-620
355-721								355-721
355-79								355-79
355-398								355-398
355-154								355-154
356-911								356-911
357-453								357-453
357-191								357-191
358-954								358-954
358-379								358-379
358-110								358-110
359-774								359-774
360-84								360-84
361-775								361-775
361-520								361-520
362-719								362-719
363-230								363-230
364-780								364-780
364-105								364-105
364-217								364-217
365-569								365-569
365-118								365-118
366-203								366-203
366-945								366-945
367-710								367-710
368-745								368-745
368-452								368-452
369-435								369-435
369-391								369-391
369-165								369-165
370-528								370-528
371-705								371-705
371-168								371-168
372-635								372-635
373-12								373-12
373-500								373-500
374-952								374-952
374-967								374-967
375-524								375-524
376-117								376-117
376-749								376-749
377-708								377-708
377-957								377-957
377-567								377-567
378-381								378-381
379-251								379-251
380-382								380-382
380-338								380-338
381-441								381-441
381-861								381-861
382-252								382-252
382-408								382-408
383-318								383-318
383-335								383-335
383-677								383-677
383-954								383-954
383-348								383-348
383-761								383-761
384-642								384-642
385-581								385-581
385-591								385-591
386-368								386-368
386-737								386-737
386-779								386-779
386-230								386-230
386-272								386-272
386-564								386-564
387-288								387-288
388-813								388-813
389-18								389-18
389-852								389-852
389-458								389-458
390-678								390-678
391-157								391-157
391-591								391-591
392-702								392-702
393-127								393-127
394-348								394-348
394-86								394-86
395-660								395-660
396-187								396-187
397-41								397-41
398-609								398-609
398-302								398-302
399-342								399-342
400-186								400-186
400-148								400-148
400-84								400-84
401-727								401-727
401-346								401-346
402-724								402-724
402-85								402-85
403-205								403-205
404-172								404-172
405-995								405-995
406-284								406-284
407-584								407-584
408-745								408-745
408-370								408-370
408-283								408-283
408-86								408-86
408-615								408-615
409-846								409-846
409-472								409-472
410-619								410-619
410-916								410-916
411-777								411-777
412-707								412-707
#412-57 dup							#412-57 dup
413-640								413-640
414-315								414-315
415-433								415-433
416-901								416-901
417-805								417-805
418-578								418-578
418-458								418-458
419-215								419-215
420-70								420-70
421-994								421-994
421-160								421-160
421-612								421-612
422-385								422-385
423-527								423-527
423-299								423-299
423-387								423-387
424-875								424-875
424-782								424-782
424-679								424-679
425-823								425-823
426-796								426-796
426-975								426-975
427-846								427-846
427-300								427-300
427-210								427-210
427-529								427-529
427-117								427-117
428-104								428-104
429-400								429-400
429-184								429-184
429-833								429-833
429-180								429-180
429-692								429-692
429-593								429-593
430-389								430-389
431-508								431-508
432-812								432-812
433-917								433-917
433-574								433-574
434-299								434-299
434-466								434-466
435-683								435-683
436-690								436-690
437-286								437-286
437-918								437-918
437-726								437-726
437-616								437-616
438-932								438-932
439-390								439-390
440-122								440-122
440-593								440-593
441-890								441-890
442-922								442-922
442-434								442-434
442-35								442-35
442-699								442-699
442-776								442-776
442-41								442-41
443-244								443-244
443-203								443-203
443-923								443-923
444-353								444-353
444-372								444-372
445-881								445-881
446-163								446-163
446-516								446-516
446-902								446-902
447-751								447-751
447-983								447-983
447-308								447-308
447-992								447-992
447-970								447-970
448-427								448-427
448-422								448-422
448-503								448-503
449-60								449-60
450-38								450-38
450-186								450-186
451-94								451-94
452-781								452-781
452-718								452-718
452-194								452-194
452-400								452-400
453-700								453-700
454-163								454-163
454-432								454-432
455-99								455-99
455-874								455-874
455-115								455-115
455-356								455-356
456-131								456-131
456-592								456-592
457-300								457-300
458-547								458-547
458-502								458-502
459-405								459-405
459-619								459-619
459-315								459-315
459-168								459-168
459-320								459-320
459-850								459-850
459-109								459-109
459-806								459-806
459-212								459-212
460-702								460-702
460-610								460-610
461-857								461-857
462-11								462-11
463-299								463-299
464-226								464-226
465-423								465-423
466-359								466-359
467-66								467-66
468-544								468-544
469-791								469-791
469-421								469-421
470-359								470-359
470-60								470-60
470-473								470-473
470-527								470-527
471-489								471-489
472-136								472-136
472-294								472-294
472-365								472-365
472-631								472-631
472-597								472-597
473-683								473-683
473-705								473-705
473-235								473-235
474-196								474-196
474-580								474-580
474-480								474-480
475-464								475-464
476-726								476-726
476-224								476-224
477-831								477-831
477-146								477-146
477-751								477-751
478-862								478-862
479-466								479-466
479-994								479-994
480-478								480-478
481-915								481-915
482-514								482-514
482-926								482-926
482-485								482-485
483-522								483-522
483-520								483-520
483-309								483-309
483-600								483-600
483-356								483-356
484-444								484-444
484-883								484-883
485-419								485-419
485-604								485-604
486-960								486-960
486-424								486-424
#487-91 dup							#487-91 dup
487-318								487-318
488-784								488-784
488-445								488-445
488-387								488-387
488-449								488-449
489-980								489-980
489-934								489-934
490-775								490-775
491-946								491-946
492-633								492-633
493-193								493-193
493-373								493-373
494-957								494-957
495-1								495-1
495-776								495-776
495-375								495-375
495-140								495-140
495-176								495-176
496-295								496-295
497-529								497-529
498-350								498-350
498-672								498-672
499-678								499-678
499-385								499-385
499-872								499-872
499-136								499-136
499-167								499-167
499-657								499-657
499-503								499-503
499-216								499-216
499-554								499-554
500-374								500-374
501-947								501-947
502-402								502-402
502-491								502-491
502-643								502-643
503-855								503-855
504-886								504-886
504-502								504-502
505-226								505-226
506-559								506-559
506-752								506-752
506-140								506-140
506-129								506-129
506-156								506-156
507-116								507-116
507-366								507-366
508-280								508-280
508-449								508-449
508-679								508-679
509-879								509-879
510-302								510-302
511-769								511-769
511-997								511-997
512-837								512-837
512-358								512-358
512-997								512-997
512-392								512-392
512-159								512-159
513-886								513-886
514-166								514-166
515-49								515-49
515-245								515-245
515-204								515-204
516-668								516-668
517-540								517-540
517-701								517-701
518-464								518-464
518-409								518-409
519-400								519-400
520-428								520-428
521-65								521-65
521-297								521-297
521-799								521-799
522-879								522-879
523-690								523-690
523-629								523-629
523-751								523-751
523-702								523-702
524-332								524-332
525-626								525-626
526-704								526-704
527-180								527-180
527-81								527-81
527-383								527-383
528-829								528-829
528-664								528-664
529-604								529-604
529-304								529-304
529-589								529-589
530-747								530-747
531-974								531-974
531-337								531-337
532-376								532-376
532-492								532-492
533-946								533-946
534-701								534-701
535-91								535-91
536-162								536-162
536-514								536-514
537-419								537-419
537-857								537-857
538-609								538-609
538-960								538-960
539-848								539-848
540-94								540-94
541-136								541-136
542-895								542-895
542-948								542-948
542-594								542-594
543-835								543-835
543-174								543-174
543-710								543-710
544-835								544-835
545-568								545-568
546-190								546-190
547-910								547-910
548-352								548-352
548-647								548-647
548-209								548-209
549-365								549-365
550-113								550-113
550-601								550-601
550-446								550-446
550-815								550-815
551-998								551-998
552-450								552-450
552-108								552-108
553-57								553-57
553-376								553-376
553-829								553-829
553-770								553-770
553-520								553-520
554-761								554-761
554-479								554-479
554-142								554-142
554-876								554-876
554-34								554-34
555-999								555-999
556-314								556-314
557-862								557-862
558-994								558-994
558-14								558-14
558-845								558-845
559-516								559-516
560-386								560-386
561-585								561-585
561-439								561-439
561-19								561-19
562-951								562-951
562-715								562-715
562-33								562-33
562-471								562-471
563-122								563-122
564-276								564-276
565-728								565-728
565-151								565-151
566-496								566-496
566-185								566-185
566-856								566-856
566-733								566-733
566-993								566-993
566-135								566-135
567-765								567-765
567-840								567-840
568-502								568-502
568-511								568-511
568-531								568-531
568-131								568-131
568-93								568-93
568-819								568-819
569-47								569-47
569-151								569-151
570-850								570-850
570-123								570-123
571-997								571-997
571-408								571-408
571-360								571-360
572-839								572-839
573-975								573-975
574-107								574-107
575-829								575-829
575-337								575-337
576-628								576-628
576-824								576-824
577-784								577-784
578-230								578-230
578-371								578-371
578-463								578-463
578-56								578-56
579-173								579-173
579-724								579-724
579-196								579-196
579-296								579-296
580-712								580-712
580-815								580-815
580-681								580-681
580-371								580-371
580-570								580-570
581-595								581-595
582-986								582-986
583-36								583-36
584-934								584-934
585-879								585-879
586-784								586-784
587-570								587-570
587-98								587-98
587-532								587-532
587-371								587-371
587-254								587-254
588-392								588-392
589-684								589-684
589-87								589-87
589-578								589-578
589-948								589-948
589-515								589-515
590-418								590-418
590-80								590-80
591-774								591-774
592-225								592-225
592-440								592-440
592-685								592-685
593-423								593-423
594-125								594-125
594-36								594-36
594-684								594-684
595-207								595-207
596-778								596-778
596-708								596-708
596-60								596-60
597-95								597-95
597-809								597-809
597-19								597-19
598-946								598-946
599-60								599-60
600-97								600-97
600-481								600-481
600-567								600-567
600-16								600-16
600-450								600-450
600-615								600-615
601-401								601-401
602-331								602-331
602-87								602-87
602-304								602-304
602-390								602-390
603-835								603-835
604-841								604-841
604-698								604-698
604-717								604-717
605-940								605-940
605-102								605-102
605-257								605-257
606-316								606-316
606-861								606-861
607-384								607-384
608-175								608-175
608-986								608-986
609-638								609-638
609-542								609-542
609-278								609-278
609-193								609-193
610-921								610-921
610-981								610-981
611-170								611-170
611-10								611-10
612-328								612-328
613-492								613-492
614-954								614-954
615-839								615-839
616-924								616-924
617-771								617-771
617-227								617-227
618-204								618-204
619-993								619-993
619-510								619-510
620-362								620-362
621-161								621-161
622-940								622-940
622-543								622-543
623-678								623-678
623-882								623-882
623-144								623-144
623-802								623-802
623-701								623-701
623-829								623-829
623-895								623-895
624-735								624-735
624-759								624-759
625-151								625-151
625-695								625-695
626-559								626-559
627-762								627-762
627-794								627-794
628-542								628-542
629-141								629-141
630-335								630-335
630-419								630-419
631-520								631-520
631-598								631-598
631-104								631-104
632-292								632-292
632-203								632-203
632-528								632-528
632-596								632-596
632-119								632-119
632-909								632-909
633-556								633-556
633-940								633-940
633-767								633-767
633-358								633-358
633-393								633-393
634-597								634-597
635-898								635-898
636-817								636-817
636-718								636-718
637-403								637-403
638-93								638-93
638-564								638-564
638-14								638-14
638-313								638-313
639-290								639-290
639-74								639-74
640-115								640-115
640-839								640-839
640-801								640-801
641-913								641-913
641-871								641-871
641-97								641-97
641-210								641-210
641-564								641-564
642-916								642-916
642-30								642-30
643-596								643-596
644-978								644-978
645-724								645-724
645-432								645-432
646-717								646-717
647-927								647-927
647-631								647-631
647-462								647-462
648-61								648-61
649-165								649-165
649-368								649-368
649-260								649-260
650-142								650-142
650-804								650-804
651-238								651-238
652-886								652-886
652-953								652-953
653-409								653-409
654-211								654-211
654-745								654-745
655-251								655-251
656-896								656-896
656-794								656-794
657-953								657-953
658-793								658-793
659-802								659-802
659-534								659-534
659-68								659-68
659-648								659-648
660-844								660-844
661-125								661-125
661-147								661-147
661-326								661-326
661-536								661-536
662-146								662-146
663-447								663-447
664-359								664-359
664-72								664-72
665-229								665-229
665-389								665-389
666-743								666-743
667-182								667-182
667-330								667-330
667-812								667-812
667-540								667-540
667-92								667-92
668-798								668-798
669-583								669-583
670-844								670-844
670-624								670-624
671-833								671-833
671-151								671-151
671-76								671-76
671-756								671-756
672-153								672-153
673-977								673-977
673-730								673-730
673-207								673-207
673-394								673-394
674-421								674-421
675-737								675-737
675-962								675-962
675-590								675-590
675-964								675-964
676-892								676-892
676-60								676-60
677-232								677-232
677-718								677-718
677-342								677-342
678-30								678-30
678-777								678-777
678-886								678-886
679-961								679-961
679-978								679-978
680-441								680-441
681-755								681-755
681-737								681-737
682-697								682-697
682-829								682-829
682-378								682-378
683-966								683-966
684-405								684-405
685-405								685-405
685-631								685-631
685-703								685-703
685-560								685-560
685-638								685-638
685-843								685-843
685-411								685-411
685-806								685-806
685-291								685-291
685-758								685-758
686-287								686-287
687-933								687-933
687-139								687-139
688-555								688-555
688-760								688-760
688-830								688-830
689-922								689-922
690-979								690-979
690-177								690-177
690-556								690-556
691-534								691-534
691-989								691-989
692-19								692-19
693-505								693-505
693-155								693-155
694-0								694-0
695-322								695-322
695-332								695-332
695-371								695-371
695-440								695-440
696-165								696-165
696-694								696-694
696-157								696-157
697-767								697-767
697-923								697-923
697-527								697-527
697-742								697-742
697-610								697-610
698-564								698-564
698-770								698-770
698-453								698-453
698-934								698-934
699-299								699-299
699-372								699-372
700-278								700-278
700-187								700-187
700-84								700-84
700-579								700-579
701-495								701-495
701-656								701-656
701-395								701-395
702-784								702-784
702-691								702-691
703-501								703-501
704-179								704-179
705-276								705-276
705-984								705-984
705-93								705-93
705-233								705-233
706-790								706-790
707-98								707-98
707-319								707-319
708-493								708-493
709-718								709-718
709-796								709-796
709-142								709-142
710-881								710-881
711-790								711-790
711-11								711-11
712-101								712-101
713-577								713-577
713-772								713-772
713-821								713-821
713-488								713-488
714-593								714-593
715-769								715-769
716-891								716-891
717-545								717-545
718-737								718-737
718-918								718-918
718-161								718-161
719-594								719-594
720-950								720-950
720-739								720-739
720-964								720-964
720-672								720-672
721-973								721-973
721-192								721-192
722-193								722-193
722-210								722-210
722-276								722-276
723-100								723-100
723-745								723-745
723-707								723-707
723-355								723-355
723-747								723-747
724-283								724-283
725-654								725-654
726-656								726-656
726-743								726-743
726-466								726-466
726-396								726-396
726-503								726-503
727-273								727-273
727-685								727-685
727-233								727-233
727-818								727-818
728-101								728-101
728-472								728-472
729-104								729-104
730-280								730-280
730-618								730-618
731-505								731-505
732-989								732-989
732-854								732-854
733-679								733-679
733-48								733-48
734-937								734-937
734-164								734-164
735-200								735-200
736-909								736-909
737-332								737-332
737-885								737-885
737-287								737-287
738-473								738-473
739-605								739-605
740-500								740-500
741-776								741-776
742-103								742-103
742-900								742-900
742-559								742-559
742-811								742-811
743-677								743-677
743-337								743-337
744-9								744-9
745-456								745-456
745-331								745-331
745-749								745-749
746-219								746-219
746-122								746-122
747-798								747-798
748-447								748-447
748-272								748-272
748-742								748-742
748-448								748-448
748-898								748-898
748-766								748-766
748-380								748-380
749-841								749-841
749-461								749-461
750-383								750-383
750-833								750-833
750-361								750-361
751-27								751-27
752-899								752-899
752-501								752-501
752-441								752-441
753-552								753-552
754-794								754-794
755-726								755-726
756-101								756-101
756-999								756-999
756-211								756-211
756-888								756-888
756-525								756-525
757-370								757-370
758-411								758-411
759-826								759-826
759-366								759-366
759-496								759-496
759-408								759-408
759-156								759-156
759-969								759-969
759-28								759-28
760-68								760-68
761-188								761-188
762-317								762-317
763-161								763-161
763-822								763-822
764-531								764-531
764-97								764-97
765-444								765-444
766-944								766-944
767-958								767-958
767-953								767-953
768-458								768-458
769-486								769-486
770-419								770-419
770-688								770-688
770-798								770-798
770-413								770-413
771-299								771-299
772-658								772-658
773-557								773-557
774-199								774-199
774-598								774-598
775-76								775-76
775-617								775-617
776-804								776-804
776-892								776-892
776-357								776-357
776-680								776-680
777-153								777-153
777-346								777-346
777-394								777-394
778-103								778-103
778-479								778-479
779-943								779-943
780-323								780-323
781-655								781-655
781-93								781-93
781-538								781-538
781-322								781-322
782-349								782-349
782-804								782-804
782-427								782-427
782-610								782-610
782-251								782-251
783-944								783-944
784-942								784-942
785-567								785-567
785-564								785-564
786-246								786-246
786-722								786-722
786-841								786-841
787-835								787-835
788-56								788-56
788-326								788-326
788-886								788-886
788-315								788-315
788-762								788-762
788-725								788-725
788-864								788-864
789-547								789-547
789-780								789-780
790-536								790-536
791-869								791-869
791-568								791-568
792-593								792-593
793-628								793-628
793-902								793-902
794-972								794-972
794-585								794-585
795-603								795-603
796-898								796-898
796-889								796-889
797-855								797-855
798-609								798-609
799-258								799-258
799-420								799-420
799-335								799-335
799-739								799-739
800-65								800-65
800-345								800-345
800-104								800-104
801-969								801-969
801-689								801-689
801-786								801-786
802-472								802-472
803-530								803-530
803-958								803-958
803-510								803-510
804-987								804-987
804-617								804-617
804-400								804-400
805-227								805-227
805-690								805-690
805-191								805-191
805-14								805-14
805-420								805-420
806-108								806-108
807-931								807-931
807-907								807-907
808-788								808-788
808-160								808-160
808-108								808-108
809-789								809-789
809-709								809-709
809-782								809-782
809-962								809-962
810-358								810-358
811-999								811-999
812-936								812-936
812-445								812-445
812-820								812-820
812-195								812-195
812-14								812-14
813-249								813-249
813-139								813-139
814-21								814-21
814-536								814-536
815-708								815-708
816-720								816-720
816-815								816-815
816-60								816-60
816-444								816-444
817-754								817-754
818-408								818-408
818-420								818-420
819-101								819-101
819-345								819-345
820-416								820-416
820-13								820-13
821-619								821-619
822-688								822-688
822-17								822-17
822-538								822-538
822-52								822-52
822-886								822-886
823-61								823-61
824-898								824-898
825-843								825-843
825-552								825-552
826-496								826-496
827-410								827-410
827-127								827-127
828-107								828-107
829-190								829-190
830-989								830-989
830-562								830-562
831-574								831-574
831-721								831-721
832-12								832-12
833-742								833-742
833-111								833-111
834-657								834-657
834-576								834-576
834-486								834-486
834-557								834-557
834-331								834-331
834-92								834-92
835-870								835-870
836-157								836-157
837-577								837-577
837-186								837-186
838-255								838-255
839-309								839-309
839-835								839-835
840-917								840-917
841-832								841-832
841-756								841-756
842-371								842-371
843-569								843-569
843-977								843-977
843-249								843-249
844-998								844-998
844-314								844-314
844-729								844-729
845-258								845-258
846-676								846-676
846-726								846-726
847-421								847-421
847-954								847-954
847-420								847-420
848-845								848-845
848-810								848-810
848-63								848-63
849-771								849-771
849-978								849-978
849-904								849-904
849-565								849-565
850-441								850-441
851-404								851-404
852-128								852-128
853-946								853-946
853-129								853-129
854-18								854-18
855-159								855-159
855-498								855-498
856-26								856-26
857-449								857-449
857-660								857-660
858-896								858-896
858-333								858-333
859-866								859-866
859-241								859-241
859-97								859-97
860-806								860-806
860-398								860-398
861-331								861-331
862-178								862-178
863-597								863-597
864-385								864-385
864-172								864-172
865-772								865-772
866-711								866-711
866-275								866-275
867-654								867-654
867-73								867-73
867-246								867-246
867-850								867-850
868-319								868-319
869-247								869-247
869-914								869-914
869-327								869-327
870-128								870-128
870-860								870-860
870-380								870-380
871-604								871-604
872-441								872-441
872-550								872-550
873-86								873-86
874-732								874-732
875-343								875-343
876-436								876-436
876-775								876-775
876-430								876-430
876-222								876-222
877-76								877-76
878-473								878-473
879-881								879-881
880-109								880-109
881-319								881-319
882-62								882-62
883-973								883-973
884-138								884-138
884-730								884-730
884-778								884-778
885-893								885-893
886-191								886-191
886-234								886-234
887-461								887-461
888-478								888-478
888-678								888-678
888-514								888-514
888-619								888-619
889-165								889-165
889-544								889-544
889-114								889-114
890-877								890-877
891-874								891-874
892-132								892-132
893-346								893-346
894-733								894-733
895-615								895-615
895-217								895-217
896-670								896-670
897-227								897-227
897-570								897-570
898-923								898-923
899-260								899-260
900-378								900-378
901-613								901-613
901-620								901-620
901-526								901-526
902-241								902-241
902-675								902-675
903-603								903-603
904-468								904-468
904-820								904-820
904-808								904-808
904-934								904-934
905-491								905-491
905-65								905-65
905-961								905-961
906-638								906-638
906-95								906-95
906-611								906-611
906-958								906-958
906-410								906-410
906-392								906-392
906-186								906-186
907-422								907-422
907-130								907-130
908-284								908-284
909-326								909-326
910-179								910-179
910-637								910-637
911-491								911-491
912-496								912-496
913-181								913-181
914-619								914-619
915-883								915-883
916-720								916-720
917-281								917-281
918-993								918-993
918-705								918-705
918-713								918-713
918-183								918-183
919-98								919-98
919-381								919-381
919-25								919-25
919-614								919-614
919-635								919-635
920-559								920-559
920-508								920-508
920-580								920-580
920-47								920-47
920-743								920-743
921-389								921-389
922-366								922-366
922-113								922-113
923-464								923-464
923-187								923-187
924-691								924-691
925-760								925-760
925-336								925-336
926-129								926-129
926-728								926-728
927-73								927-73
928-956								928-956
929-147								929-147
929-718								929-718
930-678								930-678
931-929								931-929
932-789								932-789
932-582								932-582
933-56								933-56
933-994								933-994
934-734								934-734
934-117								934-117
934-144								934-144
935-240								935-240
935-674								935-674
936-46								936-46
936-921								936-921
937-618								937-618
938-650								938-650
938-367								938-367
938-876								938-876
938-8								938-8
938-288								938-288
938-390								938-390
939-398								939-398
940-179								940-179
941-185								941-185
941-585								941-585
942-443								942-443
942-938								942-938
943-291								943-291
943-788								943-788
944-856								944-856
944-462								944-462
945-368								945-368
945-787								945-787
945-933								945-933
946-880								946-880
947-489								947-489
948-311								948-311
948-86								948-86
949-728								949-728
949-353								949-353
950-674								950-674
950-983								950-983
950-729								950-729
950-898								950-898
950-751								950-751
951-47								951-47
952-210								952-210
953-202								953-202
954-665								954-665
955-672								955-672
955-786								955-786
955-236								955-236
956-469								956-469
957-854								957-854
957-38								957-38
958-431								958-431
959-460								959-460
959-754								959-754
959-65								959-65
959-230								959-230
960-386								960-386
960-232								960-232
960-504								960-504
960-571								960-571
960-313								960-313
960-26								960-26
961-454								961-454
961-453								961-453
961-902								961-902
962-212								962-212
963-545								963-545
964-972								964-972
965-95								965-95
966-939								966-939
967-501								967-501
968-416								968-416
968-820								968-820
968-457								968-457
969-841								969-841
970-371								970-371
971-696								971-696
971-688								971-688
971-198								971-198
972-765								972-765
972-818								972-818
973-563								973-563
974-609								974-609
975-587								975-587
975-889								975-889
975-633								975-633
976-855								976-855
977-113								977-113
977-30								977-30
977-185								977-185
978-102								978-102
978-362								978-362
978-942								978-942
979-667								979-667
980-794								980-794
980-987								980-987
980-195								980-195
981-658								981-658
982-282								982-282
983-243								983-243
983-340								983-340
984-164								984-164
984-140								984-140
984-265								984-265
984-789								984-789
984-86								984-86
984-59								984-59
984-939								984-939
984-406								984-406
985-511								985-511
985-208								985-208
985-786								985-786
986-230								986-230
987-843								987-843
988-340								988-340
988-786								988-786
989-213								989-213
990-882								990-882
991-642								991-642
992-713								992-713
992-568								992-568
993-671								993-671
993-497								993-497
993-982								993-982
993-203								993-203
993-881								993-881
994-470								994-470
994-167								994-167
994-900								994-900
995-147								995-147
995-600								995-600
995-623								995-623
996-375								996-375
996-629								996-629
997-395								997-395
997-674								997-674
998-429								998-429
999-462								999-462
start-99							start-99
start-806							start-806
start-49							start-49
start-843							start-843
start-960							start-960
end-121								end-121
end-563								end-563
end-437								end-437
